min_distance: 3
mode: rel
threshold_abs: -4.08472309802702
threshold_rel: 0.24532515903408383
