precision: 0.6037172573189522
recall: 0.6420524375256043
fscore: 0.6222950168751241
rmse [px]: 4.088703804830688
